[541772, 541774, 541778, 541782, 541786, 544655, 545706, 545708, 545619, 548215, 543572, 552420, 552181, 546182, 549435, 551866, 545702, 546821]
[435349, 434281, 436199, 442757, 442764]
[522845, 526734, 440707, 441309, 440503, 440420, 441889, 440742, 442008, 440746, 441875, 441904, 442159, 440305, 441130, 441165, 441205, 441162, 440231, 440199, 440230, 444771, 440773, 441327]
[419726, 433664, 433667, 419728, 433670, 433675, 433677, 419730, 433679, 433682, 419734, 433685, 433690, 159660, 163311, 159739, 135156, 159990]
[142125, 135424, 131251, 132132, 131877, 133360, 132083, 131111, 134634, 135376, 133602, 133119, 135406, 131614, 135063, 132897, 130947, 130944, 130948, 130943, 130941, 142623, 135428, 132094, 133855, 135234, 135429, 134463, 130987, 131309, 134053, 134057, 133088, 132600, 130970, 135330, 160033, 160281, 163297, 163019, 161354, 163373, 160064, 161172, 160293, 160610, 159750, 159697, 435938, 434591, 433927, 433923]
[424154, 424191, 422564, 422562, 422896, 422839, 423853, 424193, 424181, 521690, 436955, 521693, 515475, 515478, 521587]
[5123, 6408, 5138, 5143, 5645, 6361, 1392, 8426, 8429]
[132738, 134658, 130389, 130092, 130090, 130384, 130276, 130392, 130219]
[329863, 285643, 286114, 297924, 286076, 297925, 285825, 297926, 297929, 341941, 341943, 341892, 348854]
[342017, 341946, 341945, 341894, 345526, 297919, 297921, 285992, 353844, 297922, 285939, 285636]
